0.927947962452937 1.24606863965501 -0.88537353372157 -0.831406028041637 -0.938044482143583 0.480807441798846
0.201270165106894 -0.157639035135014 -1.4509299592998 0.327250610173064 -0.494165783222105 1.57421400237696
0.501284762140726 -1.1212840028071 1.42641522687467 0.636011479631106 -0.643862994371143 -0.798564471468261
1.31713522753242 -0.44293809679141 0.835148902353802 -1.24350656519829 0.365693314307816 -0.831532782204332
-0.00337134838740493 -0.680357952831141 0.256251196365283 1.60516183004151 0.186213953293341 -1.36389767848159
0.67206488004296 -1.56072756195368 1.11796604709641 -0.822195314275079 0.222809619912004 0.37008232917738
0.0277794339857687 0.136902586925309 0.422793315794917 -1.47217002804267 1.5013810696245 -0.616686378287822
0.598482761512697 0.913487291609291 0.70738847642352 -0.11198855640185 -1.78645894798317 -0.320911025160485
-0.420691828149284 0.535450449234956 -0.716285249784072 -0.564767114492795 -0.646520604140889 1.81281434733208
-1.59898828343788 0.163332062542549 -0.470076037710922 -0.12920932220552 0.784662974879003 1.25027860593277
1.39639183277113 -0.916057120238774 -1.28081189715149 0.67121297689938 0.300819114392092 -0.171554906672347
-0.207217448174276 -0.452353036532965 -0.577389296126237 0.951244832215371 -1.17497711574427 1.46069206436238
0.853169711393396 -0.107291959013295 -0.290705839508462 0.391467525066149 -1.77691382390775 0.930274385969964
-0.651219798681306 0.378984690016131 -1.51081353879805 1.38153403082849 -0.0825116076445317 0.484026224279268
-1.33687068280755 0.981562761386942 -0.0803192386484278 0.598216965402677 -1.04870869280945 0.886118887475807
-1.70800166103733 0.617271544878963 0.35328236060327 0.105030039660935 1.14261382723982 -0.510196111345651
-0.254943795188609 1.29696875573287 -1.19641628642455 0.862821916679072 0.288460815341527 -0.996891406140311
1.6288789355884 -0.115274065712467 -0.140431151146981 0.105075969655024 0.0387223017034768 -1.51697199008745
0.687585161798307 0.297533132629124 0.942471742216044 0.528355593229879 -0.870583955259545 -1.58536167461381
-0.858228334211286 -0.433982708285811 -1.17725620854067 0.168042782633443 1.23025871758768 1.07116575081665
0.962772672680548 -1.12131352281561 -0.909867006272745 -0.627133428195882 1.12807434770742 0.567466936896263
-0.134379351942644 -0.295513480019946 1.58007171704246 0.0265181115143413 0.334954328722635 -1.51165132531684
1.18294291365277 -0.104101336974716 -0.986122957962378 -1.26392079534587 0.176934084338185 0.994268092292
-1.31841016121333 0.355855186865015 -0.549891154613668 1.16388148649279 -0.667564660490071 1.01612930295926
1.06184440584251 -0.875484622186116 -0.0464679650199532 -1.25937348808921 -0.107796683208429 1.2272783526612
-1.27063606994062 0.418329447338351 -0.735377721275754 0.212500895843716 1.6038293213953 -0.228645873360995
-0.316980187767174 -0.859192532434921 1.77660881624223 0.0357948094017945 0.314852443748406 -0.951083349190331
1.37080650667848 -0.137683097125457 -0.129292312526127 0.382274102772584 0.214764857095437 -1.70087005689492
1.25538117912969 0.924192334734943 -0.066891882986659 -0.574612625182125 -0.043636578486817 -1.49443242720903
1.0202481227526 -0.22718276894578 1.20884836606314 -0.739960089982581 -1.37339279289015 0.111439163002774
1.24352473128182 0.0648449112016327 -1.61692491094155 -0.412916612094917 -0.0888384399989296 0.810310320551948
0.381171060536388 0.659569068305534 -0.331125172863426 0.235084342308177 0.907603313198164 -1.85230261148484
1.90924997635437 0.135161257348463 -0.23219450150113 -0.253098981660104 -0.740198354243271 -0.818919396298331
0.347374180917288 -1.40698527445887 -0.12901894625502 -0.862283495881153 0.890509121114209 1.16040441456354
0.0985207000137385 0.934974020735249 0.799667122483688 -1.80644936564199 0.313012920730914 -0.339725398321597
0.879072876500205 0.695712892037693 -0.269213283204588 0.898812991769909 -0.636780986554392 -1.56760449054883
-0.888231493831587 0.812581770185675 -0.722661079283905 -0.879223052595631 1.49008234681221 0.187451508713234
0.942666732280771 -0.543957565490169 -0.441371604235861 -0.822154273502847 -0.701344061185955 1.56616077213406
0.408496569306263 0.273022811995532 -1.52685770616366 0.360674140225766 -0.801640876863061 1.28630506149916
1.65472543405715 0.21927770188662 -0.400882869666323 0.348319182239099 -1.28014283339327 -0.541296615123272
0.431337534766362 0.937441820769378 -1.93075089586905 0.44321475454688 0.0154418696926847 0.103314916093749
-1.16913723254417 -0.0820154698386603 1.50207654517402 0.361130848447346 0.419381740479865 -1.03143643171839
1.33160995437136 0.945771765607874 0.0474584549881344 -1.36678601008704 -0.440036679413998 -0.518017485466336
0.0568472382500566 -0.181899511867862 -0.940025297866467 1.87288002747929 -0.053129651918436 -0.754672804076586
-0.414867510543716 -1.5257846160701 1.17501341700717 -0.450905838182258 0.904838734091742 0.311705813697158
-0.0573438238016813 -0.29307580524319 -1.77229025060292 0.302762547278774 1.01494085043132 0.805006481937699
0.823904884829793 -0.187351689027536 -1.7872476692223 -0.0316716417175622 0.148561353271703 1.0338047618659
-1.51043278170964 -0.250503570159565 0.0883901529423264 0.165019358991717 -0.107769509969678 1.61529634990484
0.991773276727916 -0.522676525984627 1.03821191715544 -1.62899028964756 0.107200596937727 0.0144810248111011
0.669619074284595 0.624716668778116 -0.915491201715666 0.570718340321125 0.653638024964503 -1.60320090663267
0.233813590810145 -0.943972634682056 1.19507942090099 -1.42768364294733 0.739103667297975 0.20365959862027
-0.0229407484174814 0.535725315937652 1.46128430593266 0.0670147956315254 -1.51532361989078 -0.525760049193567
0.190098082311801 -0.828062082208686 0.778396045327963 1.14126920323892 0.239036034287767 -1.52073728295776
-0.181100639794453 0.528223525538713 0.113434212331698 -0.640438781599651 -1.36762126699985 1.54750295052354
0.150923705739605 1.15596294626438 -1.53536891461569 0.206334793041475 0.798726797979113 -0.776579328408887
1.74313719043469 -0.450661994577823 -0.97976401889139 0.523531913853244 -0.713673614390872 -0.122569476427853
0.602276613627492 -0.851282820848789 1.70684046763061 -0.0568431523169496 -0.614889271504042 -0.786101836588325
1.19021234786178 1.3710485388865 -0.854860505936016 -0.605396855462597 -0.539912797069535 -0.561090728280126
0.428868542383012 0.435160788367758 0.501033880737788 1.11668970880581 -1.39760429355055 -1.08414862674382
1.63109023793708 -0.117797977386536 -0.486876409699704 -1.36470117794641 0.459824489222832 -0.121539162127263
-0.775121013297486 -0.949563380237929 0.468963507973599 -0.0255762660658795 -0.467519888155958 1.74881703978365
-1.42084192206496 -0.978436365196429 0.818180472572849 1.05544838409357 0.489017412611379 0.0366320179835896
1.17269161200958 0.0327379713068582 -1.71740425746337 0.0871296752374336 0.749268384205473 -0.324423385295978
0.738351236943064 -1.20347014476934 -0.880232794230946 0.534301393999995 -0.493726759726282 1.30477706778351
0.104897219034144 0.353289133964035 -0.545286733531462 0.583543549021833 1.1841007880103 -1.68054395649885
-0.254172536286968 0.45754512479687 0.411838223262283 -0.791722038514329 1.48719023757264 -1.31067901083049
0.895676576032191 -0.716846286797945 -0.457202894841392 -1.36491694196376 1.18335035721091 0.459939190360001
-0.345600873866469 1.52688904753895 -1.06283997507065 -1.01058659909373 0.458323236237916 0.433815164253982
1.02969886039495 -0.602461111718175 -1.04008499466536 0.480124818164564 1.1283538238673 -0.995631396043283
1.67938346171519 -0.701471596819679 -0.61073545645336 0.754094608523471 -0.80284199503483 -0.318429021930788
1.64103646575596 -1.11533911073479 -0.523080526055021 0.559383743731499 -0.680106948019119 0.118106375321474
-0.551096235581774 -0.092258019697743 -1.47424900390865 0.810221698738118 1.36195937263715 -0.0545778121871024
1.45282423119038 0.575971217700365 -0.146880575566032 -1.27263003252761 -0.909118969928984 0.299834129131883
0.921474747649215 -0.782477996338282 -1.43931277296924 0.618994943658004 0.993246652214687 -0.311925574214382
1.91876548386959 0.21665690299128 -0.769300594982834 -0.651127428975881 -0.357514506491811 -0.357479856410344
1.22110200557451 -0.235941862155206 -0.6885804479801 1.22475927672738 -0.359529313401754 -1.16180965876483
-1.81212623128948 -0.205752584831326 0.152962963232641 0.941437609398396 0.0507914839017834 0.872686759587988
-0.847504026094494 -0.304328204097711 1.4036227134805 1.09891621611952 -0.452706314934845 -0.898000384472968
-1.04541498701806 -0.834586948708363 -0.746028167794676 0.446428573211112 1.28902954868849 0.8905719816215
-0.879342290305736 -0.0207466055150212 -0.024672181027118 1.92334041338093 -0.381181017222014 -0.617398319311041
0.178787296656571 -0.73946694691911 -0.744740965239003 -1.01607505098211 0.896640792741431 1.42485487374222
-1.54387660951819 -0.0877368376398345 1.07324966851071 0.54010547513533 -0.754088315238339 0.77234661875033
1.84755869888249 -0.369870413059644 -0.257053842614462 0.217073673719728 -1.108098685377 -0.32960943155111
-0.278890451175466 0.797114942397967 -1.71592811919181 -0.0973042615335209 1.14471000785102 0.150297881651805
0.801985655968318 1.32160744700589 -1.56888134981883 -0.0394483653250228 -0.342719063378104 -0.172544324452254
-0.160982676172939 0.996316498812762 0.642652404983823 -0.827607894608602 -1.48104492811621 0.830666595101165
0.712833303399737 1.23951926005925 -0.023965843874536 -0.844162233472094 0.367422000188791 -1.45164648630114
-0.532815696027226 1.53717032279664 -1.38592652765633 -0.137821821255922 0.632887642712496 -0.11349392056966
1.67294253527277 0.2349996484351 -1.35217987830762 -0.534768824657194 0.114902535281089 -0.135896016024141
0.121552280464656 1.13828157858547 -0.115589662543915 0.808529843210452 -0.229461525440648 -1.72331251427602
-0.749513333468092 1.58196878147981 -0.242403242445924 0.00620228363635528 -1.21982324360492 0.623568754402771
-1.27207398398999 -0.0286236157055769 -0.567560930684829 1.66147105578558 -0.268773200246789 0.475560674841602
1.01501928968054 -0.263937480628114 0.590474159102774 -0.839287166485461 -1.41751195397437 0.915243152304632
0.206227824279576 -0.656360478256234 0.927071664301746 -0.421993786262389 -1.3480048706031 1.2930596465404
0.192547855086099 -1.20780699817368 1.73033654199507 -0.342541086199386 0.215812048470326 -0.588348361178435
-0.180558456867519 1.54530631195636 -1.11012854741136 -0.185980860259643 -0.843669937395181 0.775031489977338
-1.16018813893928 -0.698082886608551 -0.594604802567397 0.292912636540045 1.5241496874646 0.635813504110588
0.725736768657379 -0.879063066797976 -0.250103040429654 -0.935774520368452 -0.296212570191263 1.63541642912997
1.76893016168794 -0.984556987562495 -0.750130204202859 -0.389555362175463 -0.0713031075872747 0.426615499840152
1.51934240743643 -1.51910743692907 -0.0373957859742195 0.153654145671053 0.36134709959807 -0.477840429802264
