0.76569071914997 1.04890620397438 0.912270947173596 -0.867014121608778 -0.925819168839497 -0.93403457984967
-0.798451590071274 -1.02137438253537 -0.908613902431147 0.862297232108784 0.866402337144839 0.999740305784197
0.888506431615923 0.943631732674629 0.902682393370491 -0.930566599558276 -0.978480112213458 -0.825773845889312
0.634631301214076 1.10091752962841 0.810699309626061 -1.31145893178778 -0.266885254147791 -0.96790395453297
0.361609331012376 0.848682115403056 0.092538070374569 -1.91932148911031 0.673340432655054 -0.05684846033475
0.888506431615923 0.943631732674629 0.902682393370491 -0.930566599558276 -0.978480112213458 -0.825773845889312
0.844156163741859 0.998905617128145 0.84160272761164 -0.755410228347938 -1.23815697058203 -0.691097309551679
0.361609331012376 0.848682115403056 0.092538070374569 -1.91932148911031 0.673340432655054 -0.05684846033475
0.852743364884406 0.97955827427474 0.850399251853959 -0.884549446482465 -1.20811732252772 -0.590034122002927
0.994866512592085 0.867630335001757 0.871582232219458 -0.973625686414422 -0.86887804091577 -0.891575352483102
0.946028592961448 1.07385539258317 0.539009192341178 -1.33924545447395 -0.85880670825379 -0.360841015158051
0.361609331012376 0.848682115403056 0.092538070374569 -1.91932148911031 0.673340432655054 -0.05684846033475
