4900
5117
5201
5277
8950
10246
20705
20709
47179
47643
50033
59950
60036
60038
60039
60050
62182
81418
97609
98845
99640
99641
99642
104072
121855
121953
125679
126405
128412
128666
128668
147402
147406
152282
187371
201646
202250
202653
203132
225905
225909
245939
261243
261244
261366
261367
261368
262595
262596
262597
264748
282844
287932
296358
298537
314342
317004
317011
318178
334946
335142
339067
358350
358361
358363
358368
358369
358373
358379
358414
358417
358418
358426
358428
358432
358436
358437
358438
358440
358441
358445
358446
358464
358465
358468
358470
358507
366710
367844
406538
406539
492696
492697
505162
538513
542370
550358
550607
550609
550610
550611
550657
558207
562649
570410
583305
583316
594815
596240
600599
602340
612980
612982
616332
616337
616357
616411
616436
616445
616448
616455
616482
616486
616515
616625
616634
630410
652842
678006
692296
703503
744640
744834
773024
781825
781826
799117
804687
826918
827622
839463
839605
839763
840032
840107
845418
847401
894208
903110
906025
917497
917534
958894
979658
998171
1016890
1092808
1094399
1120414
1123415
1127935
1127936
1127937
1137857
1139494
1150933
1159902
1163875
1212729
1219019
1219370
1226292
1231761
1232273
1261992
1262292
1288144
1288147
1288148
1305516
1311668
1312479
1313250
1313294
1313582
1315110
1319132
1347698
1351857
1352457
1357757
1362402
1363479
1366991
1398126
1400388
1400428
1456543
1464091
1472986
1473063
1478579
1481906
1488521
1489030
1489128
1500753
1510526
1538781
1551137
1564776
1578285
1578452
1592287
1598517
1603920
1610844
1611143
1613697
1619463
1619469
1629213
1629247
1629305
1629381
1629492
1635261
1640393
1640512
1640664
1651594
1686537
1686538
1694340
1694361
1702812
1708192
1709002
1728090
1736037
1743159
1743163
1778699
1786508
1804262
1804276
1804280
1813083
1829275
1832600
1866683
1874189
1895405
1896194
1896196
1910268
1910288
1917709
1918605
1921253
1937114
1952237
1954223
1954296
1978964
1983101
2032798
2041183
2056570
2124533
2137919
2152217
2152220
2152221
2152222
2152633
2152680
2152700
2179735
2179736
2179737
2208143
2214692
2214798
2217420
2222567
2232941
2241033
2241060
2251114
2251116
2251794
2258717
2261319
2261707
2279799
2300238
2303165
2312067
2321374
2331480
2331482
2337592
2359468
2397230
2400985
2427631
2431339
2431349
2451632
2477199
2481743
2490516
2490519
2490531
2490532
2492709
2492710
2505883
2511538
2511565
2511586
2523143
2523281
2525990
2525997
2525999
2526007
2526008
2526013
2526014
2526016
2526059
2528020
2528176
2532554
2532555
2532557
2532569
2532575
2532576
2532578
2532581
2532583
2532585
2532589
2532591
2532592
2532596
2532597
2532598
2532599
2532605
2532607
2532615
2532616
2532618
2532619
2532746
2543690
2543792
2546547
2573339
2585305
2592814
2643357
2658638
2665841
2680049
2705203
2705204
2705215
2705216
2705466
2712890
2715398
2722109
2722110
2723476
2723479
2723481
2723487
2723488
2723490
2723519
2723520
2723522
2723527
2723533
2723536
2723539
2723549
2723709
2723733
2723737
2723760
2740657
2740801
2740836
2740838
2740853
2740854
2740891
2740901
2740962
2741017
2741019
2741029
2741034
2741035
2741037
2741038
2741046
2741055
2741056
2741057
2741058
2742789
2742821
2750131
2751267
2751390
2751434
2751470
2751475
2751577
2751894
2752010
2752012
2786255
2828606
2830511
2830795
2833657
2838633
2843473
2845097
2904041
2911398
2925443
2940850
2972645
2994433
2994507
2994731
2999426
3001642
3002786
3002788
3002850
3002851
3002855
3002857
3002862
3002863
3002864
3002870
3002872
3002874
3014157
3032081
3032668
3032674
3035806
3041374
3044707
3056841
3056939
3071463
3087620
3111157
3111170
3111183
3131172
3142443
3142445
3153445
3175507
3182538
3186914
3186915
3186917
3186932
3186940
3186942
3186946
3186948
3186951
3186956
3186958
3186963
3187001
3187003
3188798
3190954
3198552
3198553
3211179
3242642
3249601
3249602
3249604
3249605
3251687
3254490
3254491
3257966
3259078
3263518
3295191
3305487
3311613
3311772
3325473
3339265
3345666
3347994
3348103
3351018
3353489
3368245
3372937
3381989
3403646
3403852
3405691
3409308
3416611
3429469
3429470
3429471
3429472
3429473
3429474
3429477
3429489
3429490
3479434
3491598
3492290
3496879
3503088
3544622
3596112
3596113
3597378
3601449
3602546
3640905
3655530
3667700
3667976
3668025
3705553
3716262
3716447
3725557
3729578
3737503
3744742
3759543
3761827
3773300
3773301
3788411
3790722
3812432
3812487
3849997
3849998
3880813
3881774
3896335
3900776
3904130
3921110
3935121
3940749
3942644
3946765
3956519
3960614
3960615
3968942
3968943
3969638
3969642
3969752
3998537
4001765
4005261
4005263
4005433
4005434
4007060
4013646
4013704
4029563
4029896
4031499
4036369
4037400
4042891
4054659
4054661
4055164
4055195
4055350
4055366
4055367
4055374
4055618
4055619
4055623
4055624
4076997
4083487
4083490
4083549
4083555
4083556
4083581
4083612
4083626
4083627
4083634
4083654
4083665
4083666
4083669
4083671
4083672
4083679
4083684
4083765
4084152
4084156
4084169
4084197
4084200
4084218
4084220
4084224
4084242
4084243
4084246
4091370
4094737
4099958
4107527
4110866
4113134
4117882
4118492
4120465
4125824
4126409
4144184
4181440
4182103
4182104
4182594
4182618
4182620
4182626
4182627
4182629
4182630
4182631
4182634
4182635
4182636
4182637
4182648
4182656
4182686
4182689
4182697
4182698
4182699
4182700
4182708
4182709
4182710
4182713
4182840
4182841
4182870
4182906
4183960
4189915
4209605
4233850
4233856
4251046
4268141
4300116
4300448
4313436
4316417
4365046
4365432
4365544
4391561
4406668
4406702
4408927
4409197
4410008
4466029
4468102
4475342
4480572
4481163
4498943
4499538
4499539
4500940
4502434
4513266
4537594
4539791
4561995
4565885
4571970
4577381
4589262
4589276
4612526
4646240
4647764
4664852
4668555
4668558
4672788
4672795
4672796
4672797
4686335
4692643
4692655
4702081
4710090
4712635
4712976
4714752
4715258
4726413
4731156
4731157
4731200
4731460
4731532
4734532
4734995
4738129
4749486
4752523
4753881
4776397
4779742
4779744
4779756
4815285
4846049
4846317
4847183
4860191
4862599
4863065
4878110
4878111
4883030
4883050
4895848
4895850
4895960
4896816
4904420
4910779
4919398
4919616
4919624
4919633
4919634
4919635
4924733
4924734
4929416
4971828
4979836
4992884
4994046
4994051
4998866
5011319
5032852
5049730
5050198
5050199
5062546
5079154
5079697
5091428
5126955
5128626
5137472
5138162
5145888
5145890
5145895
5145902
5161615
5162860
5164059
5164875
5191292
5191293
5191294
5191297
5206964
5206965
5206966
5209100
5209104
5209604
5209616
5209623
5212343
5214020
5214021
5214022
5214026
5214027
5226841
5235026
5236511
5240489
5257229
5295751
5301413
5301414
5301417
5301430
5301440
5306387
5311884
5319158
5335035
5355361
5372018
5375237
5382245
5390929
5390940
5422148
5422654
5422657
5451338
5460299
5460304
5460305
5460308
5467642
5468872
5468892
5477096
5480602
5486840
5512481
5528910
5535297
5546694
5556099
5557215
5572119
5572120
5572835
5573853
5574452
5574456
5576639
5589969
5591385
5645956
5654982
5654987
5654991
5654996
5660379
5666547
5666651
5674134
5677287
5677292
5677294
5677297
5677922
5677929
5684165
5696354
5697111
5712444
5732530
5747198
5753887
5758108
5793216
5801853
5801867
5801870
5801873
5801905
5801906
5804927
5808048
5808063
5808065
5808072
5808073
5869812
5877880
5913518
5916295
5919615
5919622
5921897
5927318
5942660
5950704
5956659
5964289
5968444
5983333
5998219
6015726
6023775
6023810
6023814
6023815
6023819
6023831
6023836
6023837
6023839
6023841
6023844
6023846
6024250
6024433
6026491
6035825
6036379
6036613
6036715
6036724
6036750
6036753
6036757
6045311
6068617
6069528
6072713
6072720
6072735
6072736
6072740
6072741
6072811
6072829
6072833
6072834
6072844
6073697
6073764
6073765
6073852
6083575
6086745
6086893
6097255
6101511
6101519
6101520
6106447
6106848
6113040
6118716
6127833
6137890
6143412
6150802
6150803
6162808
6162955
6163130
6163138
6163140
6163207
6163288
6163488
6163688
6163689
6163690
6163731
6165911
6167562
6171224
6174403
6174458
6200101
6205480
6205483
6211979
6226718
6226719
6226722
6226775
6237500
6269736
6301515
6325360
6325844
6325939
6327010
6327521
6328574
6335017
6338510
6338582
6338584
6338625
6339239
6339704
6340735
6341048
6343081
6343643
6344037
6344067
6384404
6391169
6402338
6403624
6443447
6503760
6509276
6511932
6511974
6514990
6519338
6519343
6559513
6567588
6591538
6610153
6610472
6619474
6626714
6644402
6644418
6644419
6678028
6682360
6682369
6693496
6706668
6713451
6739121
6742233
6749216
6757338
6757339
6758812
6759393
6774229
6774868
6774869
6775545
6776214
6776215
6776259
6776265
6776484
6778054
6787523
6787527
6823750
6829085
6829263
6831482
6852301
6875506
6884491
6884492
6884493
6899430
6910180
6917054
6917058
6917060
6917061
6917062
6917071
6929386
6929679
6932166
6933188
6941197
6941212
6947494
6982621
6996168
7015686
7017175
7023147
7024894
7039904
7047283
7047299
7049152
7056415
7056420
7056428
7065791
7072933
7073775
7086133
7086211
7100549
7113004
7136566
7138661
7141298
7145152
7162975
7170486
7176602
7176603
7198355
7198368
7199747
7199760
7199762
7213406
7219259
7220135
7232168
7233692
7238457
7238512
7243072
7270718
7279984
7284274
7296746
7304649
7324468
7325026
7326854
7328557
7329182
7340298
7357766
7377131
7378995
7379218
7380338
7381107
7415808
7459451
7463580
7477254
7481903
7481904
7481933
7482261
7482902
7482929
7482930
7482932
7482980
7497384
7499138
7499145
7499151
7504638
7507667
7511104
7521309
7527723
7534552
7534562
7534565
7534566
7534567
7539095
7539954
7569491
7629840
7656095
7669359
7695286
7695287
7709489
7716779
7716906
7716968
7717109
7721655
7723498
7736147
7736165
7736166
7736167
7736175
7736530
7759948
7763477
7764574
7764592
7764724
7764801
7793519
7794272
7794273
7794276
7794279
7794280
7801540
7802245
7805807
7811621
7821649
7824863
7824865
7824867
7844884
7881744
7904442
7919172
7922992
7923021
7942490
7973924
7976119
7985347
7985349
7986423
7986817
7989621
7993928
8020431
8028680
8029287
8031396
8053402
8057373
8070855
8078687
8078689
8078700
8078701
8081015
8081034
8081593
8081611
8081621
8081629
8081631
8081656
8092192
8094678
8094761
8095649
8122975
8134432
8142597
8142852
8144763
8154089
8154123
8154130
8154142
8154145
8154147
8154165
8172378
8193748
8194865
8195345
8195346
8195347
8203322
8210604
8212846
8212893
8212900
8212920
8219393
8227251
8235309
8235372
8235974
8236759
8236760
8236763
8240803
8256899
8280585
8287758
8287762
8287763
8287765
8287767
8287768
8287826
8287828
8287829
8287831
8287833
8287834
8312161
8318888
8342810
8359905
8359906
8359909
8359910
8359911
8366780
8376342
8376464
8376511
8376512
8376553
8377331
8378871
8381233
8381259
8399457
8420065
8420093
8420912
8432205
8441294
8441807
8441883
8443637
8468928
8474523
8474524
8487196
8494258
8494408
8504422
8504441
8516192
8516194
8559142
8559510
8564147
8587101
8592963
8593098
8597199
8598055
8636781
8636800
8666469
8666489
8666565
8667020
8681192
8688776
8688837
8693492
8694674
8695598
8695619
8695626
8703810
8704365
8706672
8739295
8742754
8742807
8742810
8742812
8743335
8754439
8773260
8777310
8788847
8788857
8794448
8795504
8809594
8818405
8818407
8831880
8835021
8850656
8865495
8865773
8866240
8866261
8866484
8874379
8874380
8874384
8876827
8888588
8890969
8895126
8895686
8900874
8932551
8936136
8936138
8936232
8936233
8936234
8936235
8936236
8936259
8936312
8936313
8936821
8936822
8936823
8936824
8964326
8966069
8966222
8966382
8967130
8967138
8967139
8967140
8972029
8973469
8982733
9041399
9041400
9041404
9056033
9058077
9099888
9104317
9105493
9105907
9106268
9113118
9120958
9131185
9147125
9152280
9167211
9177403
9180153
9200560
9208148
9208299
9225526
9244624
9270482
9319039
9338221
9340970
9340984
9341930
9349007
9349010
9349039
9422881
9435346
9473553
9484502
9521615
9544108
9544152
9544153
9544154
9544155
9544156
9549665
9549923
9565674
9576480
9594678
9594785
9632816
9642999
9643026
9645022
9658203
9659892
9660013
9660051
9660071
9669125
9671058
9672174
9672178
9672179
9672182
9688256
9688306
9688380
9688388
9688396
9688402
9688407
9688409
9688413
9688418
9688431
9688432
9688443
9688448
9688454
9688463
9688495
9688498
9688549
9688637
9688903
9689387
9689477
9689487
9689835
9690023
9690080
9690091
9690096
9690097
9690106
9690124
9690141
9695468
9695991
9696701
9696711
9708006
9712489
9712718
9717003
9717128
9717328
9717522
9717638
9717669
9717737
9717754
9717791
9718028
9718240
9718393
9721518
9721520
9721546
9721548
9721717
9721998
9722085
9722218
9722311
9722400
9722460
9722461
9722462
9722463
9722470
9722604
9722609
9722615
9722664
9722689
9722807
9722951
9722970
9722971
9722973
9722979
9723000
9723064
9723080
9723083
9723086
9723087
9723088
9723090
9723091
9723144
9723230
9725547
9725825
9725826
9725850
9727797
9727922
9727957
9728161
9728375
9728505
9728656
9728796
9728855
9728856
9729025
9729106
9759703
9772584
9787357
9798355
9799218
9799484
9800332
9800344
9808642
9814896
9825819
9826873
9826885
9827002
9863641
9879192
9879483
9893392
9893511
9894749
9914993
9915960
9922840
9922869
9923095
9923662
9923668
9923683
9923691
9928954
9928970
9933572
9941111
9955022
9960664
9960860
9963957
9985916
9985917
10011274
10015562
10073356
10078625
10085079
10085169
10105097
10105104
10114944
10114984
10115032
10120637
10201880
10204701
10211953
10215377
10247740
10247745
10247746
10249882
10279582
10282158
10282160
10282223
10282227
10282241
10282245
10282264
10282275
10282280
10282289
10282301
10282321
10282322
10282330
10282340
10282353
10282354
10282355
10288899
10288903
10291163
10301353
10319675
10332237
10341146
10350771
10350780
10362938
10362940
10362941
10362946
10362949
10362951
10362954
10362955
10363256
10399222
10399780
10399785
10408125
10415837
10441087
10450481
10451761
10453956
10456473
10456508
10466660
10468200
10497674
10507456
10520354
10528062
10544662
10546481
10546503
10546504
10546506
10546512
10546513
10590436
10601896
10616531
10641135
10662273
10662834
10694151
10711786
10717855
10718358
10718499
10720642
10735190
10749700
10753443
10790856
10821182
10851799
10854229
10854230
10854261
10854264
10870829
10872247
10886128
10886129
10886130
10886132
10889570
10905028
10914750
10918958
10922327
10929068
10966501
10966555
11015137
11046905
11059857
11059975
11060040
11060350
11071303
11071307
11094352
11095676
11118902
11169350
11170060
11173351
11174149
11174399
11176769
11179935
11194237
11194865
11208712
11217060
11224903
11224915
11226195
11228580
11228910
11231617
11232171
11234150
11237117
11242272
11242448
11252712
11274582
11279450
11315575
11327329
11338203
11338206
11342984
11354984
11368407
11370830
11406403
11411824
11416757
11454956
11459747
11464040
11471967
11502021
11509121
11535552
11548128
11548130
11564492
11566345
11578460
11594354
11600781
11600884
11608448
11612850
11619769
11630166
11631253
11636863
11636864
11637706
11638469
11641496
11643419
11643422
11643423
11643424
11643426
11643618
11653406
11653718
11654028
11681828
11688829
11689008
11725603
11725615
11725632
11735724
11753786
11764004
11764005
11783204
11797731
11810722
11810723
11810754
11810758
11810759
11810760
11833864
11834245
11844886
11845095
11845244
11846882
11881253
11891950
11922636
11922741
11939035
11939036
11939037
11939039
11939040
11939060
11939114
11939116
11939117
11939299
11939320
11939323
11939335
11939339
11939353
11939354
11939367
11939370
11939415
11939436
11939441
11939446
11939447
11939449
11939456
11939463
11945850
11948303
11952517
11974835
11974836
11987254
12018148
12027788
12033873
12035603
12053396
12063319
12069257
12069259
12069876
12069877
12069883
12086305
12126660
12126719
12126720
12126757
12126758
12145813
12199414
12209414
12209491
12209510
12209545
12210879
12225493
12232959
12233109
12267280
12275472
12275535
12275536
12280567
12314932
12314965
12326823
12333783
12348605
12381010
12406331
12414272
12417969
12425971
12461421
12463336
12464975
12466646
12466714
12466738
12466739
12466745
12466816
12466837
12466864
12480321
12498735
12504101
12514586
12515140
12532765
12543861
12547880
12557496
12557501
12557502
12570271
12573119
12573132
12573398
12578124
12578366
12579690
12586323
12593231
12607221
12619370
12619381
12631125
12657147
12657155
12657165
12657167
12664019
12669097
12675782
12683679
12683680
12689626
12694564
12695509
12696308
12702296
12711267
12712490
12715304
12715305
12715342
12715364
12715371
12715381
12721685
12742498
12743295
12752824
12774566
12787609
12787848
12790586
12817410
12817435
12817452
12817456
12829339
12829340
12829342
12829359
12829360
12829365
12829402
12829403
12829414
12829415
12829416
12829424
12829457
12829489
12829512
12829567
12829595
12829596
12829597
12829599
12829601
12829603
12829605
12829606
12829687
12829696
12829698
12829701
12829706
12829708
12829710
12829711
12829730
12829731
12829735
12829749
12829769
12829770
12829792
12829793
12829794
12829795
12829796
12829803
12829804
12829805
12904466
12920033
12923896
12928821
12958139
12975263
12975264
12975265
12975266
12975741
12984745
13011796
13019963
13019965
13059478
13059930
13060031
13060056
13060061
13060062
13060063
13064290
13066068
13092902
13122864
13136567
13145745
13145755
13146774
13149245
13149467
13149818
13149881
13149897
13152224
13154372
13154374
13161402
13161974
13167135
13196484
13199328
13210651
13216484
13217260
13217267
13217273
13217276
13217278
13217282
13217286
13217287
13217292
13217305
13217310
13217315
13217319
13217320
13230572
13240686
13240687
13252394
13252699
13260883
13284672
13300524
13300525
13300526
13304977
13336616
13338004
13338017
13338018
13338205
13343080
13363321
13371799
13384305
13389284
13389362
13392394
13394707
13401762
13425134
13442358
13446824
13449946
13449949
13453291
13453502
13454681
13479476
13479648
13480136
13484524
13486036
13501113
13501798
13519380
13520441
13524658
13524659
13524748
13540083
13547482
13558250
13574621
13574634
13574635
13574636
13577093
13577094
13583953
13609042
13615327
13630863
13630966
13630967
13630989
13630990
13630997
13631000
13631001
13631003
13631009
13631502
13631507
13631514
13631574
13631579
13633402
13636868
13661996
13690190
13697912
13716238
13726904
13740607
13753060
13765598
13774235
13781751
13781770
13791349
13801157
13818896
13819210
13819220
13819266
13819370
13819500
13819505
13819520
13819546
13819567
13819571
13819577
13819633
13819747
13819757
13827208
13842049
13845179
13846180
13850947
13854627
13854683
13854689
13861998
13862043
13872900
13874995
13875002
13875004
13875029
13875030
13875038
13875070
13907610
13928073
